0 0.529948 0.350694 0.018229 0.062500
0 0.320312 0.392361 0.015625 0.062500
0 0.335938 0.394097 0.015625 0.065972
0 0.354167 0.395833 0.020833 0.069444
0 0.417969 0.392361 0.023438 0.062500
0 0.436198 0.387153 0.018229 0.065972
0 0.447917 0.446181 0.020833 0.086806
0 0.726562 0.479167 0.031250 0.083333
0 0.733073 0.503472 0.023438 0.048611
0 0.768229 0.496528 0.036458 0.111111
0 0.843750 0.756944 0.062500 0.208333
0 0.934896 0.958333 0.078125 0.083333
0 0.966146 0.765625 0.057292 0.190972
0 0.924479 0.645833 0.041667 0.159722
0 0.839844 0.604167 0.054688 0.125000
