0 0.283854 0.538194 0.036458 0.131944
0 0.343750 0.532986 0.036458 0.121528
0 0.600260 0.545139 0.039062 0.138889
0 0.638021 0.548611 0.041667 0.131944
0 0.734375 0.727431 0.057292 0.190972
0 0.787760 0.727431 0.054688 0.177083
0 0.940104 0.899306 0.062500 0.201389
0 0.355469 0.397569 0.018229 0.065972
0 0.369792 0.395833 0.020833 0.069444
0 0.406250 0.420139 0.020833 0.076389
0 0.428385 0.420139 0.018229 0.076389
0 0.417969 0.395833 0.023438 0.069444
0 0.363281 0.324653 0.013021 0.045139
0 0.337240 0.328125 0.018229 0.045139
0 0.307292 0.348958 0.015625 0.045139
0 0.289062 0.342014 0.015625 0.052083
