0 0.153646 0.395833 0.015625 0.062500
0 0.302083 0.461806 0.031250 0.090278
0 0.337240 0.463542 0.028646 0.086806
0 0.419271 0.475694 0.026042 0.104167
0 0.441406 0.479167 0.023438 0.097222
0 0.550781 0.461806 0.028646 0.097222
0 0.565104 0.560764 0.041667 0.121528
0 0.606771 0.677083 0.062500 0.159722
0 0.899740 0.675347 0.049479 0.177083
0 0.949219 0.678819 0.049479 0.184028
0 0.346354 0.388889 0.015625 0.055556
0 0.330729 0.385417 0.015625 0.062500
0 0.305990 0.345486 0.018229 0.045139
0 0.347656 0.342014 0.013021 0.045139
0 0.321615 0.354167 0.013021 0.048611
0 0.326823 0.315972 0.013021 0.034722
0 0.339844 0.310764 0.013021 0.031250
