0 0.227865 0.421875 0.018229 0.072917
0 0.317708 0.392361 0.015625 0.062500
0 0.334635 0.392361 0.018229 0.062500
0 0.404948 0.343750 0.018229 0.055556
0 0.417969 0.343750 0.013021 0.048611
0 0.575521 0.477431 0.036458 0.107639
0 0.700521 0.387153 0.026042 0.079861
0 0.645833 0.399306 0.031250 0.083333
0 0.541667 0.475694 0.031250 0.111111
0 0.450521 0.460069 0.020833 0.086806
0 0.425781 0.451389 0.028646 0.090278
0 0.395833 0.454861 0.026042 0.069444
0 0.378906 0.328125 0.013021 0.038194
0 0.329427 0.343750 0.013021 0.048611
0 0.285156 0.343750 0.018229 0.048611
0 0.341146 0.340278 0.015625 0.055556
0 0.356771 0.333333 0.020833 0.055556
