0 0.398438 0.347222 0.010417 0.055556
0 0.385417 0.342014 0.010417 0.045139
0 0.570312 0.407986 0.026042 0.086806
0 0.625000 0.387153 0.026042 0.079861
0 0.842448 0.500000 0.033854 0.111111
0 0.532552 0.467014 0.033854 0.100694
0 0.503906 0.460069 0.018229 0.086806
0 0.447917 0.449653 0.015625 0.079861
0 0.419271 0.437500 0.020833 0.076389
0 0.442708 0.413194 0.026042 0.062500
0 0.596354 0.557292 0.036458 0.135417
0 0.644531 0.592014 0.028646 0.142361
0 0.675781 0.550347 0.039062 0.128472
0 0.712240 0.590278 0.033854 0.131944
0 0.742188 0.586806 0.036458 0.131944
