0 0.243490 0.489583 0.028646 0.097222
0 0.276042 0.489583 0.031250 0.097222
0 0.356771 0.489583 0.036458 0.104167
0 0.414062 0.465278 0.031250 0.090278
0 0.566406 0.690972 0.054688 0.166667
0 0.687500 0.651042 0.052083 0.142361
0 0.891927 0.458333 0.033854 0.076389
0 0.329427 0.397569 0.018229 0.065972
0 0.345052 0.394097 0.018229 0.072917
0 0.402344 0.345486 0.018229 0.059028
0 0.315104 0.395833 0.015625 0.069444
0 0.559896 0.531250 0.036458 0.118056
0 0.544271 0.475694 0.026042 0.069444
0 0.597656 0.524306 0.033854 0.118056
0 0.610677 0.467014 0.033854 0.072917
0 0.627604 0.527778 0.026042 0.111111
0 0.687500 0.546875 0.036458 0.100694
0 0.671875 0.467014 0.026042 0.059028
0 0.660156 0.560764 0.023438 0.114583
0 0.652344 0.480903 0.018229 0.052083
0 0.929688 0.470486 0.041667 0.052083
0 0.606771 0.375000 0.020833 0.069444
0 0.579427 0.387153 0.023438 0.059028
