0 0.315104 0.659722 0.036458 0.159722
0 0.292969 0.637153 0.028646 0.149306
0 0.873698 0.815972 0.059896 0.222222
0 0.863281 0.685764 0.039062 0.107639
0 0.971354 0.694444 0.057292 0.180556
0 0.778646 0.532986 0.041667 0.114583
0 0.739583 0.531250 0.041667 0.131944
0 0.595052 0.505208 0.033854 0.114583
0 0.562500 0.508681 0.036458 0.121528
0 0.510417 0.482639 0.026042 0.076389
0 0.686198 0.406250 0.023438 0.090278
0 0.709635 0.411458 0.023438 0.072917
0 0.352865 0.414931 0.023438 0.072917
0 0.438802 0.362847 0.018229 0.052083
0 0.450521 0.359375 0.015625 0.059028
0 0.506510 0.383681 0.013021 0.059028
0 0.371094 0.380208 0.018229 0.059028
0 0.406250 0.357639 0.015625 0.055556
0 0.347656 0.369792 0.018229 0.038194
0 0.333333 0.361111 0.015625 0.055556
0 0.372396 0.331597 0.010417 0.045139
0 0.386719 0.336806 0.013021 0.055556
0 0.313802 0.357639 0.018229 0.062500
0 0.605469 0.312500 0.018229 0.041667
0 0.348958 0.329861 0.010417 0.041667
0 0.359375 0.328125 0.010417 0.038194
