0 0.602865 0.890625 0.075521 0.218750
0 0.979167 0.793403 0.041667 0.170139
0 0.669271 0.644097 0.031250 0.163194
0 0.625000 0.638889 0.046875 0.173611
0 0.596354 0.578125 0.036458 0.121528
0 0.561198 0.579861 0.033854 0.138889
0 0.532552 0.385417 0.028646 0.076389
0 0.365885 0.418403 0.018229 0.065972
0 0.369792 0.387153 0.015625 0.038194
0 0.352865 0.395833 0.018229 0.062500
0 0.329427 0.388889 0.018229 0.062500
0 0.312500 0.392361 0.015625 0.062500
0 0.389323 0.357639 0.018229 0.055556
0 0.369792 0.345486 0.015625 0.045139
0 0.332031 0.340278 0.013021 0.041667
0 0.315104 0.340278 0.015625 0.041667
