0 0.250000 0.541667 0.031250 0.083333
0 0.328125 0.578125 0.036458 0.128472
0 0.602865 0.616319 0.039062 0.170139
0 0.921875 0.736111 0.057292 0.201389
0 0.507812 0.496528 0.020833 0.104167
0 0.701823 0.491319 0.033854 0.107639
0 0.735677 0.489583 0.033854 0.111111
0 0.596354 0.414931 0.026042 0.086806
0 0.554688 0.420139 0.026042 0.083333
0 0.256510 0.421875 0.018229 0.072917
0 0.278646 0.425347 0.020833 0.072917
0 0.376302 0.402778 0.018229 0.069444
0 0.427083 0.359375 0.015625 0.059028
0 0.605469 0.322917 0.023438 0.048611
0 0.553385 0.331597 0.018229 0.052083
0 0.406250 0.355903 0.020833 0.059028
0 0.395833 0.331597 0.015625 0.052083
0 0.307292 0.373264 0.020833 0.059028
0 0.325521 0.371528 0.015625 0.055556
0 0.341146 0.343750 0.015625 0.041667
0 0.338542 0.369792 0.015625 0.045139
0 0.623698 0.319444 0.013021 0.041667
