0 0.205729 0.392361 0.020833 0.041667
0 0.248698 0.437500 0.023438 0.083333
0 0.270833 0.440972 0.020833 0.083333
0 0.311198 0.482639 0.023438 0.097222
0 0.335938 0.477431 0.026042 0.100694
0 0.420573 0.444444 0.023438 0.083333
0 0.437500 0.345486 0.015625 0.052083
0 0.507812 0.388889 0.020833 0.076389
0 0.501302 0.425347 0.018229 0.086806
0 0.567708 0.421875 0.020833 0.086806
0 0.598958 0.416667 0.020833 0.069444
0 0.552083 0.508681 0.041667 0.107639
0 0.515625 0.515625 0.026042 0.107639
0 0.533854 0.579861 0.036458 0.125000
0 0.561198 0.760417 0.049479 0.194444
