0 0.325521 0.362847 0.015625 0.065972
0 0.341146 0.368056 0.015625 0.055556
0 0.369792 0.354167 0.020833 0.055556
0 0.389323 0.359375 0.013021 0.031250
0 0.376302 0.616319 0.059896 0.114583
0 0.423177 0.836806 0.054688 0.201389
0 0.899740 0.906250 0.059896 0.187500
0 0.671875 0.631944 0.052083 0.152778
0 0.645833 0.531250 0.036458 0.097222
0 0.610677 0.532986 0.033854 0.114583
0 0.598958 0.446181 0.031250 0.065972
0 0.529948 0.520833 0.033854 0.118056
0 0.441406 0.496528 0.033854 0.104167
0 0.430990 0.425347 0.028646 0.059028
0 0.451823 0.423611 0.013021 0.048611
0 0.415365 0.524306 0.033854 0.069444
0 0.552083 0.501736 0.026042 0.114583
0 0.592448 0.317708 0.018229 0.059028
