0 0.625000 0.612847 0.036458 0.135417
0 0.721354 0.920139 0.072917 0.159722
0 0.252604 0.500000 0.031250 0.104167
0 0.377604 0.421875 0.020833 0.072917
0 0.544271 0.432292 0.026042 0.079861
0 0.593750 0.425347 0.020833 0.093750
0 0.614583 0.427083 0.020833 0.069444
0 0.639323 0.430556 0.023438 0.076389
0 0.580729 0.578125 0.041667 0.128472
0 0.311198 0.378472 0.018229 0.069444
0 0.403646 0.348958 0.015625 0.059028
0 0.338542 0.345486 0.015625 0.052083
0 0.371094 0.333333 0.018229 0.055556
0 0.351562 0.423611 0.020833 0.076389
