0 0.307292 0.348958 0.015625 0.045139
0 0.321615 0.350694 0.018229 0.048611
0 0.382812 0.414931 0.020833 0.065972
0 0.401042 0.413194 0.020833 0.069444
0 0.421875 0.454861 0.026042 0.083333
0 0.251302 0.541667 0.028646 0.090278
0 0.596354 0.623264 0.062500 0.149306
0 0.651042 0.621528 0.046875 0.138889
0 0.528646 0.496528 0.031250 0.125000
0 0.561198 0.486111 0.033854 0.111111
0 0.694010 0.460069 0.028646 0.100694
0 0.553385 0.333333 0.018229 0.055556
0 0.723958 0.611111 0.041667 0.159722
0 0.764323 0.607639 0.044271 0.145833
0 0.808594 0.609375 0.044271 0.142361
0 0.964844 0.925347 0.070312 0.149306
