0 0.395833 0.593750 0.036458 0.125000
0 0.437500 0.583333 0.036458 0.138889
0 0.561198 0.552083 0.039062 0.131944
0 0.687500 0.482639 0.031250 0.111111
0 0.842448 0.532986 0.033854 0.114583
0 0.912760 0.651042 0.044271 0.170139
0 0.960938 0.661458 0.046875 0.156250
0 0.446615 0.401042 0.023438 0.072917
0 0.391927 0.439236 0.023438 0.086806
0 0.398438 0.364583 0.020833 0.055556
0 0.423177 0.366319 0.018229 0.052083
0 0.317708 0.340278 0.015625 0.055556
0 0.352865 0.336806 0.013021 0.048611
0 0.333333 0.340278 0.010417 0.048611
