0 0.753906 0.744792 0.059896 0.177083
0 0.382812 0.689236 0.041667 0.142361
0 0.433594 0.697917 0.044271 0.145833
0 0.842448 0.694444 0.049479 0.166667
0 0.894531 0.692708 0.049479 0.170139
0 0.839844 0.548611 0.039062 0.111111
0 0.796875 0.548611 0.036458 0.118056
0 0.747396 0.541667 0.036458 0.131944
0 0.621094 0.418403 0.023438 0.086806
0 0.598958 0.425347 0.020833 0.079861
0 0.548177 0.406250 0.018229 0.076389
0 0.442708 0.401042 0.020833 0.072917
0 0.381510 0.381944 0.018229 0.069444
0 0.358073 0.413194 0.018229 0.076389
0 0.246094 0.411458 0.013021 0.072917
0 0.260417 0.414931 0.015625 0.065972
0 0.334635 0.376736 0.018229 0.065972
0 0.316406 0.355903 0.018229 0.052083
0 0.350260 0.366319 0.018229 0.038194
0 0.748698 0.454861 0.039062 0.069444
0 0.648438 0.461806 0.020833 0.097222
0 0.679688 0.465278 0.015625 0.090278
0 0.697917 0.470486 0.015625 0.086806
0 0.722656 0.484375 0.023438 0.093750
0 0.535156 0.489583 0.033854 0.083333
0 0.442708 0.475694 0.026042 0.069444
0 0.427083 0.510417 0.036458 0.062500
0 0.449219 0.515625 0.018229 0.052083
0 0.562500 0.605903 0.036458 0.121528
0 0.531250 0.557292 0.031250 0.086806
