0 0.216146 0.423611 0.026042 0.083333
0 0.239583 0.423611 0.026042 0.076389
0 0.255208 0.484375 0.015625 0.093750
0 0.273438 0.473958 0.020833 0.086806
0 0.312500 0.487847 0.020833 0.093750
0 0.295573 0.470486 0.018229 0.086806
0 0.544271 0.680556 0.052083 0.180556
0 0.613281 0.680556 0.049479 0.173611
0 0.553385 0.932292 0.085938 0.135417
0 0.678385 0.690972 0.049479 0.166667
0 0.777344 0.657986 0.044271 0.170139
0 0.641927 0.578125 0.044271 0.128472
0 0.528646 0.413194 0.026042 0.083333
0 0.414062 0.451389 0.020833 0.076389
0 0.436198 0.458333 0.023438 0.083333
0 0.441406 0.342014 0.018229 0.059028
0 0.384115 0.380208 0.018229 0.052083
0 0.403646 0.369792 0.020833 0.059028
0 0.330729 0.355903 0.015625 0.059028
0 0.315104 0.347222 0.015625 0.055556
0 0.375000 0.331597 0.015625 0.045139
0 0.453125 0.677083 0.031250 0.131944
