0 0.350260 0.427083 0.023438 0.076389
0 0.277344 0.597222 0.044271 0.145833
0 0.252604 0.574653 0.031250 0.128472
0 0.700521 0.635417 0.041667 0.166667
0 0.863281 0.704861 0.049479 0.180556
0 0.959635 0.694444 0.059896 0.173611
0 0.550781 0.503472 0.028646 0.111111
0 0.584635 0.493056 0.039062 0.125000
0 0.528646 0.472222 0.026042 0.097222
0 0.505208 0.470486 0.020833 0.093750
0 0.553385 0.418403 0.023438 0.072917
0 0.545573 0.428819 0.023438 0.045139
0 0.588542 0.362847 0.026042 0.079861
0 0.415365 0.394097 0.023438 0.065972
0 0.395833 0.395833 0.020833 0.069444
0 0.446615 0.362847 0.013021 0.059028
0 0.428385 0.342014 0.018229 0.038194
0 0.317708 0.355903 0.015625 0.052083
0 0.335938 0.350694 0.015625 0.055556
0 0.391927 0.338542 0.018229 0.045139
0 0.373698 0.329861 0.018229 0.055556
0 0.356771 0.329861 0.015625 0.055556
