0 0.328125 0.406250 0.020833 0.069444
0 0.351562 0.407986 0.020833 0.072917
0 0.444010 0.439236 0.018229 0.079861
0 0.453125 0.526042 0.020833 0.093750
0 0.442708 0.635417 0.036458 0.125000
0 0.395833 0.692708 0.041667 0.149306
0 0.404948 0.949653 0.075521 0.100694
0 0.617188 0.623264 0.031250 0.156250
0 0.783854 0.616319 0.046875 0.128472
0 0.863281 0.618056 0.049479 0.152778
0 0.790365 0.522569 0.044271 0.107639
0 0.312500 0.364583 0.015625 0.048611
0 0.333333 0.355903 0.015625 0.045139
0 0.927083 0.890625 0.072917 0.218750
