0 0.757812 0.468750 0.036458 0.111111
0 0.726562 0.475694 0.036458 0.104167
0 0.531250 0.548611 0.041667 0.125000
0 0.580729 0.546875 0.041667 0.128472
0 0.213542 0.425347 0.020833 0.072917
0 0.191406 0.423611 0.023438 0.076389
0 0.372396 0.375000 0.020833 0.062500
0 0.393229 0.373264 0.020833 0.059028
0 0.330729 0.366319 0.015625 0.059028
0 0.420573 0.355903 0.018229 0.065972
0 0.438802 0.354167 0.018229 0.062500
0 0.523438 0.402778 0.020833 0.076389
0 0.542969 0.435764 0.018229 0.072917
0 0.561198 0.440972 0.018229 0.069444
0 0.589844 0.420139 0.018229 0.069444
0 0.572917 0.413194 0.020833 0.069444
0 0.550781 0.390625 0.023438 0.045139
