0 0.843750 0.760417 0.062500 0.208333
0 0.967448 0.765625 0.054688 0.190972
0 0.934896 0.960069 0.072917 0.079861
0 0.838542 0.604167 0.052083 0.125000
0 0.927083 0.630208 0.041667 0.128472
0 0.768229 0.496528 0.031250 0.104167
0 0.726562 0.461806 0.031250 0.048611
0 0.734375 0.501736 0.020833 0.045139
0 0.447917 0.449653 0.020833 0.086806
0 0.352865 0.395833 0.018229 0.069444
0 0.335938 0.392361 0.015625 0.062500
0 0.320312 0.394097 0.015625 0.065972
0 0.419271 0.402778 0.015625 0.048611
0 0.417969 0.376736 0.018229 0.038194
0 0.531250 0.352431 0.015625 0.065972
