0 0.307292 0.593750 0.026042 0.097222
0 0.289062 0.581597 0.015625 0.065972
0 0.136719 0.907986 0.059896 0.184028
0 0.520833 0.585069 0.041667 0.142361
0 0.536458 0.506944 0.031250 0.104167
0 0.660156 0.633681 0.054688 0.142361
0 0.713542 0.633681 0.041667 0.149306
0 0.690104 0.500000 0.031250 0.111111
0 0.628906 0.470486 0.023438 0.100694
0 0.602865 0.472222 0.028646 0.104167
0 0.567708 0.418403 0.020833 0.079861
0 0.542969 0.421875 0.023438 0.079861
0 0.523438 0.333333 0.015625 0.048611
0 0.519531 0.394097 0.013021 0.059028
0 0.332031 0.576389 0.028646 0.118056
0 0.356771 0.559028 0.031250 0.125000
0 0.438802 0.440972 0.018229 0.083333
0 0.416667 0.440972 0.020833 0.083333
0 0.342448 0.416667 0.018229 0.069444
0 0.363281 0.418403 0.018229 0.065972
0 0.436198 0.350694 0.013021 0.048611
0 0.398438 0.381944 0.015625 0.055556
0 0.386719 0.326389 0.013021 0.041667
0 0.399740 0.340278 0.013021 0.027778
0 0.372396 0.333333 0.015625 0.048611
0 0.358073 0.315972 0.013021 0.020833
0 0.337240 0.347222 0.013021 0.048611
0 0.356771 0.359375 0.015625 0.031250
0 0.316406 0.364583 0.013021 0.048611
