0 0.315104 0.402778 0.015625 0.069444
0 0.329427 0.395833 0.013021 0.055556
0 0.343750 0.394097 0.020833 0.072917
0 0.401042 0.343750 0.015625 0.055556
0 0.364583 0.321181 0.010417 0.045139
0 0.352865 0.321181 0.013021 0.045139
0 0.244792 0.489583 0.026042 0.097222
0 0.277344 0.487847 0.028646 0.100694
0 0.356771 0.489583 0.036458 0.104167
0 0.415365 0.465278 0.028646 0.090278
0 0.567708 0.689236 0.057292 0.163194
0 0.562500 0.527778 0.036458 0.118056
0 0.544271 0.479167 0.020833 0.069444
0 0.598958 0.522569 0.031250 0.121528
0 0.611979 0.463542 0.026042 0.059028
0 0.625000 0.527778 0.026042 0.104167
0 0.670573 0.470486 0.028646 0.065972
0 0.652344 0.491319 0.018229 0.065972
0 0.686198 0.538194 0.039062 0.097222
0 0.657552 0.572917 0.023438 0.104167
0 0.694010 0.656250 0.039062 0.138889
0 0.608073 0.376736 0.018229 0.065972
0 0.579427 0.383681 0.023438 0.052083
0 0.893229 0.458333 0.031250 0.076389
0 0.932292 0.473958 0.036458 0.045139
