0 0.753906 0.746528 0.059896 0.180556
0 0.842448 0.696181 0.049479 0.163194
0 0.893229 0.690972 0.052083 0.173611
0 0.839844 0.550347 0.039062 0.114583
0 0.795573 0.548611 0.033854 0.118056
0 0.748698 0.541667 0.033854 0.131944
0 0.429688 0.694444 0.046875 0.145833
0 0.381510 0.685764 0.044271 0.142361
0 0.381510 0.378472 0.018229 0.062500
0 0.442708 0.402778 0.020833 0.069444
0 0.421875 0.508681 0.026042 0.065972
0 0.444010 0.489583 0.028646 0.097222
0 0.533854 0.487847 0.031250 0.079861
0 0.563802 0.609375 0.033854 0.128472
0 0.531250 0.564236 0.031250 0.100694
0 0.746094 0.454861 0.039062 0.076389
0 0.700521 0.463542 0.026042 0.100694
0 0.649740 0.465278 0.023438 0.104167
0 0.678385 0.460069 0.018229 0.100694
0 0.682292 0.472222 0.015625 0.083333
0 0.621094 0.423611 0.023438 0.090278
0 0.597656 0.425347 0.023438 0.079861
0 0.548177 0.406250 0.023438 0.076389
0 0.358073 0.416667 0.018229 0.069444
0 0.244792 0.411458 0.015625 0.072917
0 0.260417 0.416667 0.015625 0.069444
0 0.317708 0.355903 0.020833 0.052083
0 0.356771 0.319444 0.015625 0.041667
0 0.350260 0.369792 0.013021 0.059028
0 0.335938 0.376736 0.015625 0.065972
